var 1.E8
mean 1.E4

optMean

mean_values:  [ 2.01924271  2.00977366  2.00450777  1.99153724  2.04748247  2.00985007
  2.02701229  2.00804404  2.04232124  2.0361725   2.03368803  2.01657855
  1.99955142  2.01544592  2.03520793  2.03486631  2.04961595  2.02022713
  2.05657127  2.04006512]
var_values:  [ 1.18583952  1.17950278  1.188605    1.17749619  1.20673128  1.23360118
  1.16326465  1.15905445  1.21632114  1.21767279  1.20771061  1.20233887
  1.1045983   1.18867272  1.2366578   1.22883593  1.23747156  1.21172373
  1.27639398  1.27568462]
best mean:  2.05657127256
var of best mean:  1.2763939842




optVar

mean_values:  [ 1.33153983  1.23873769  1.35404557  1.35947103  1.41453083  1.22081477
  1.33505163  1.33644148  1.33462708  1.23338971  1.26060845  1.33267219
  1.25922488  1.26312794  1.24272932  1.28688097  1.19602428  1.21874851
  1.33679345  1.26961631]
var_values:  [ 0.2751189   0.22605493  0.26289923  0.22673696  0.30983017  0.22855233
  0.28422656  0.26550086  0.27623924  0.24428688  0.25455101  0.29548891
  0.21233084  0.22382462  0.22595097  0.24469465  0.20156241  0.18947349
  0.38239214  0.26780746]
best var:  0.189473494294
mean of best var:  1.21874851076

x:  [ 239.58787057  281.0644966   219.24088234   86.66673322  417.28562631
  151.75809907  402.35264163  588.33632336   89.50792569  -38.31958187
  555.38380407  559.55066809  727.94658829  348.54727987   18.96978401
  477.85367741]
y:  [ 391.23054189  195.57846389 -145.27039565 -295.01732585  483.01025755
   43.00097429  702.19806035  586.65252017  259.03331099  105.21457381
  830.96709193  342.43765022  729.86219513    7.30709395 -106.55676887
  159.88458355]


optMean var<1.2
mean_values:  [ 2.05182947  2.02808546  2.04106278  2.03653402  1.99373597  2.02341451
  2.02251035  2.03218429  2.02384185  2.04381756  2.01346289  2.01190396
  2.02580072  1.99713663  2.03766927  2.03531266  2.00247072  2.01904649
  2.01777236  2.03277279]
var_values:  [ 1.20000015  1.16426059  1.19999708  1.19999975  1.14599009  1.19999698
  1.2         1.20000001  1.19999477  1.17531729  1.16261107  1.1995602
  1.19999202  1.18541455  1.19999808  1.19999946  1.11018506  1.19999891
  1.18236469  1.18403642]
best mean:  2.05182946781
var of best mean:  1.20000015497
x:  [  546.97534708    69.29599151    89.9895852   -929.09094128  -390.32870705
  -510.73310626   523.85024068  -906.2844069     -5.47296644   485.74878425
  -408.42391016   -40.59493512  -985.2271302   1006.6963911    641.15069194
  1055.80326979]
y:  [ 186.79496083 -987.13582944  983.80024321 -511.6546629  -467.73047863
  929.59774845 -922.26944314  551.04332863  563.30128762 -297.93206871
 -926.2139584   116.43979609  144.33160312 -334.01028374  844.94130343
  101.3879118 ]


  mean_values:  [ 2.03604399  2.03164757  2.02099337  1.99945498  2.00982019  2.03112669
  2.03213067  2.03422293  2.01767056  2.01766759  2.04332759  2.02108888
  2.01487158  2.03310776  2.03413024  2.01179623  1.99857968  2.0130386
  1.99837016  2.03257022  2.0042749   2.0173477   2.01634569  2.02621068
  2.0048374   2.01422869  2.00697085  2.01824257  2.02126533  2.00110177
  2.02478614  2.02600582  2.01086884  2.00059838  2.01499466  2.01117423
  2.02338916  1.99064293  2.03308063  2.00552558  2.00836904  2.02754693
  2.02716095  2.03282435  2.00747971  2.02021638  2.03955317  2.03869545
  2.02161506  2.0323911 ]
var_values:  [ 1.19631805  1.19997538  1.12670311  1.19999656  1.12524968  1.16435759
  1.15971958  1.16562913  1.19999215  1.19419674  1.19999918  1.19998366
  1.19999992  1.19999798  1.19999894  1.19999972  1.13716242  1.19999668
  1.19989199  1.19996685  1.1485933   1.16966478  1.19999306  1.13674581
  1.19999881  1.19998572  1.19712233  1.15250681  1.1630555   1.04468132
  1.19487756  1.16377867  1.1327647   1.17854489  1.16152298  1.19999846
  1.19998492  1.1177812   1.18417003  1.19999832  1.09908676  1.16477347
  1.19999598  1.13427175  1.09360252  1.19999854  1.19044698  1.19999467
  1.14020927  1.19606967]
best index:  30
best mean:  2.04332759496
var of best mean:  1.1999991784
x:  [  458.05384495   478.31285553   568.22143354   177.92930934  -978.28042826
  1059.27913251   995.33357866  -479.02110641  -888.38196932   604.41501332
  -532.17068736   128.99950994   168.17263935    35.46275919  -386.47778442
  -881.75680658]
y:  [ -360.75602519  -946.68728723   361.52775808  1045.62955248   172.95419342
    54.1084577   -366.48478119   330.8278724   -579.46312784   871.597726
   917.49353977  -350.33869262   601.16435549 -1060.06716644  -937.20167619
   589.49563617]

optMen var < 1.0

mean_values:  [ 1.99305928  1.998802    2.00472117  1.96145381  2.00120286  2.00418321
  1.98752486  2.00740624  1.98214245  1.97295433  2.00738536  1.98654441
  1.99659836  2.01057882  2.00612397  1.99978235  1.97776559  2.01026121
  2.01655923  1.97635805  1.98645136  1.98145491  2.00213701  1.99547773
  2.0065163   1.99145679  1.98524186  2.01852736  2.00317833  1.97912329
  1.96462624  1.98753634  1.99840324  1.99770864  1.99861506  2.00761924
  1.99165159  2.00255828  1.98257233  1.99491555  1.97174726  1.98810597
  1.99348945  1.99170108  1.96793948  1.9903788   2.00221575  1.96123506
  1.99331323  1.99459031]
var_values:  [ 0.99999949  0.99999591  1.00000039  1.00000004  0.99999972  0.99999856
  0.99999502  0.9999856   0.99999921  1.00000439  0.99999683  0.99999769
  0.99999787  1.00000155  0.99999911  0.99999623  1.00000026  0.99999546
  0.99999815  1.00000117  0.99998944  0.99998733  0.99999948  0.99999474
  0.99999655  0.99998847  0.99999693  1.000001    0.99999587  0.99999164
  1.000001    1.00000698  0.99999944  0.99999191  0.99999931  0.99999257
  0.99998719  0.99999639  0.99999651  0.99999901  1.00000049  1.00000054
  1.00000126  0.99999225  1.00000047  1.00000747  0.99999308  0.99997996
  0.99999919  1.0000004 ]
best index:  27
best mean:  2.01852735648
var of best mean:  1.00000099505
x:  [  161.52717215   332.1526602    690.75940861   203.00548909   911.75896027
    71.40643682  -326.51445483  -201.95341243  -989.31635662  -686.20859957
   982.02906237  -400.19257565   638.03318268  -499.53989151 -1055.87267807
   476.39534419]
y:  [  400.87711222   898.2946921   -496.54114634  -134.72738584  -139.53964414
 -1058.25438947  -937.27417424  1041.25673627   382.43291924  -741.56591095
   400.77312014  -251.07497225   752.40772716   739.59944132  -100.66413362
  -947.65399371]


optMean var < 0.8

mean_values:  [ 1.94283469  1.94442142  1.92824993  1.95078693  1.92388662  1.83049141
  1.92966949  1.93661601  1.94868081  1.94272624  1.92479815  1.95172097
  1.95249888  1.94740535  1.94981211  1.96914363  1.91581471  1.93442051
  1.91864483  1.92172668  1.9438644   1.94706698  1.94241002  1.93779335
  1.95565283  1.94171615  1.94248207  1.93980937  1.93692181  1.94294479
  1.94617148  1.94128117  1.92141305  1.95940615  1.93676715  1.93888192
  1.93194458  1.95289796  1.93494782  1.93674228  1.93190256  1.93250938
  1.9316711   1.9349687   1.9140348   1.95871568  1.88073264  1.94152261
  1.94051564  1.92776996]
var_values:  [ 0.80000028  0.80000083  0.79999782  0.79999515  0.80010439  0.7871821
  0.80000835  0.80000247  0.79998702  0.79999693  0.79999814  0.80000891
  0.79966505  0.7999898   0.7999987   0.79999969  0.80001077  0.79999568
  0.80001065  0.79999966  0.79999784  0.80000006  0.80000099  0.80000371
  0.79999792  0.79994815  0.8         0.8000046   0.80000063  0.80000621
  0.80000197  0.80000396  0.80000335  0.7999919   0.8000001   0.8000005
  0.80000849  0.80000495  0.79999753  0.80001131  0.79999981  0.7999893
  0.79999858  0.80001828  0.80043874  0.79999881  0.79980212  0.79999862
  0.80000282  0.80000753]
best index:  15
best mean:  1.96914362563
var of best mean:  0.79999969448
x:  [  949.90855526  -304.38414574    59.99347823   -19.91329396  1059.64871571
 -1016.86605668  -715.18633897   799.69804405 -1046.1836649   -765.50883853
  -557.20414391   480.51677142  -230.4070119    425.05709381   543.9673151
  -463.02147587]
y:  [ -306.58522959   -40.66628243  -701.75414257   493.19102452    46.31139794
   301.63477798  -688.14262728  -579.60060767  -174.64175102   671.71803976
   902.50963511  -930.10577063 -1035.33215715    77.0047033    910.5490477
  -306.84898843]


var < 0.6

mean_values:  [ 1.88688152  1.8597779   1.8701984   1.86323298  1.86957033  1.87866256
  1.86918798  1.84512862  1.85706496  1.83902053  1.84699679  1.86104376
  1.86205403  1.85007785  1.86338314  1.8370352   1.8549234   1.86779619
  1.86093857  1.84670148  1.84361695  1.87093994  1.86257302  1.85827119
  1.84972062  1.87150152  1.86365145  1.88353252  1.86804083  1.85632396
  1.87724766  1.83721324  1.86265223  1.86167989  1.87608039  1.82115514
  1.87464876  1.8365727   1.86142888  1.81951292  1.84712361  1.86590363
  1.83077214  1.87446276  1.81866409  1.85135242  1.84478428  1.85515698
  1.8525722   1.86414753]
var_values:  [ 0.60000187  0.60000353  0.60000831  0.60000749  0.60000673  0.60000971
  0.60000678  0.60000536  0.6000018   0.60002122  0.6000001   0.60000059
  0.60000164  0.6000063   0.60000115  0.59999987  0.60001508  0.60000816
  0.60000329  0.60000149  0.60000372  0.60000133  0.60000406  0.60000159
  0.60001127  0.60000038  0.60001413  0.59998685  0.60000109  0.60002106
  0.60000051  0.6000007   0.600002    0.60001857  0.59999511  0.60000118
  0.60000076  0.5999982   0.59999692  0.60000317  0.60000546  0.60000111
  0.60000764  0.60000039  0.60000166  0.60000131  0.60000024  0.60002934
  0.60000071  0.59999681]
best index:  0
best mean:  1.8868815221
var of best mean:  0.60000187119
x:  [  904.82405741   852.68987138  -112.27274421  -397.79184738   585.04247016
  -934.14245834   248.19525464   667.24245418  -744.85945948   147.61397659
 -1022.46978024     8.94976814   724.6376433     84.57879942  1058.86981677
  -280.60197175]
y:  [-406.49359339  630.80899402 -543.49912382  983.24041148 -884.71765112
  416.05328784  840.54862424  355.39406801  641.06630744  -56.31997235
 -282.05593152 -242.39211512 -713.54305807  634.94706903  -61.60140411
 -887.03222573]

 var < 0.4
 
 mean_values:  [ 1.71746534  1.69792918  1.72186541  1.64204653  1.75638065  1.70340051
  1.73117813  1.7523346   1.72134683  1.69119202  1.72180682  1.71117747
  1.70810222  1.72534876  1.54364125  1.71748233  1.69840724  1.74158055
  1.72482608  1.71363994  1.73695172  1.71067509  1.71066833  1.51501857
  1.73461656  1.72384636  1.74084079  1.70107047  1.71936503  1.72304801
  1.70749246  1.72639457  1.39409679  1.72795453  1.73118474  1.73254087
  1.69146134  1.71784902  1.74465918  1.69687648  1.72205378  1.70477975
  1.71765128  1.74048188  1.72848856  1.74197441  1.68793933  1.74427598
  1.70025444  1.65252055]
var_values:  [ 0.4000023   0.40000329  0.40000267  0.40000034  0.40000967  0.40000503
  0.40005695  0.40000273  0.4000003   0.39967704  0.40000242  0.40091023
  0.4         0.40000185  0.39949384  0.40000363  0.40000165  0.40000299
  0.40000283  0.40000085  0.40000234  0.40000141  0.40015531  0.40218651
  0.40000011  0.40000112  0.40003995  0.40004203  0.40000048  0.40007603
  0.53575333  0.40000133  0.39903979  0.40000042  0.40007029  0.40001183
  0.40000257  0.40000213  0.39999813  0.40000674  0.4000002   0.40000139
  0.4013      0.40000455  0.40000078  0.40000017  0.4000002   0.40000823
  0.40000131  0.39968301]
best index:  4
best mean:  1.75638065335
var of best mean:  0.400009670465
x:  [ 1031.52215053   -77.86281329   344.26978303  -265.94702645   609.61757006
   434.75941752  -376.30124303  -533.16713648   786.37107336   915.08722439
  -394.43023963  -644.27595369    61.03673883   544.47399396   423.12317854
  -971.96031124]
y:  [ -78.05604218  -19.8382852   404.48907788 -421.32496531 -813.56260631
 -967.46282577 -588.94614449  825.51161386 -412.8072898  -245.47803751
  984.59379097  633.88605844  142.91428341  796.1345873   621.82035146
  397.00994366]
